33
IntegerRing
gaussian/src/IntegerRing.m3
IO
Nonzero
Plus
Minus
Times
Print
Matrix
gaussian/src/Matrix.mg
T
Init
InitDimensions
Rows
Columns
Entries
SwapRows
PivotExists
Pivot
Triangularize
PrintMatrix
gaussian/src/Matrix.ig
Public
gaussian/src/IntegerRing.i3
GaussianElimination
gaussian/src/GaussianElimination.m3
Main
ModularRing
IntMatrix
ModMatrix
IntToModArray
gaussian/src/ModularRing.m3
gaussian/src/ModularRing.i3
10
genericModule
15
8
9
8
9
8
9
8
9
8
9
8
9
8
9
8
9
8
9
8
9
8
9
8
9
8
9
8
9
8
9
genericInterface
15
8
21
8
21
8
21
8
21
8
21
8
21
8
21
8
21
8
21
8
21
8
21
8
21
8
21
8
21
8
21
module
45
0
1
0
1
0
1
0
1
0
1
0
1
0
1
0
1
0
1
0
1
0
1
0
1
0
1
0
1
0
1
24
25
24
25
24
25
24
25
24
25
24
25
24
25
24
25
24
25
24
25
24
25
24
25
24
25
24
25
24
25
27
31
27
31
27
31
27
31
27
31
27
31
27
31
27
31
27
31
27
31
27
31
27
31
27
31
27
31
27
31
interface
30
0
23
0
23
0
23
0
23
0
23
0
23
0
23
0
23
0
23
0
23
0
23
0
23
0
23
0
23
0
23
27
32
27
32
27
32
27
32
27
32
27
32
27
32
27
32
27
32
27
32
27
32
27
32
27
32
27
32
27
32
procedure
330
3
1
3
31
3
1
3
31
3
1
3
31
3
1
3
31
3
1
3
31
3
1
3
31
3
1
3
31
3
1
3
31
3
1
3
31
3
1
3
31
3
1
3
31
3
1
3
31
3
1
3
31
3
1
3
31
3
1
3
31
4
1
4
31
4
1
4
31
4
1
4
31
4
1
4
31
4
1
4
31
4
1
4
31
4
1
4
31
4
1
4
31
4
1
4
31
4
1
4
31
4
1
4
31
4
1
4
31
4
1
4
31
4
1
4
31
4
1
4
31
5
1
5
31
5
1
5
31
5
1
5
31
5
1
5
31
5
1
5
31
5
1
5
31
5
1
5
31
5
1
5
31
5
1
5
31
5
1
5
31
5
1
5
31
5
1
5
31
5
1
5
31
5
1
5
31
5
1
5
31
6
1
6
31
6
1
6
31
6
1
6
31
6
1
6
31
6
1
6
31
6
1
6
31
6
1
6
31
6
1
6
31
6
1
6
31
6
1
6
31
6
1
6
31
6
1
6
31
6
1
6
31
6
1
6
31
6
1
6
31
7
1
7
31
7
1
7
31
7
1
7
31
7
1
7
31
7
1
7
31
7
1
7
31
7
1
7
31
7
1
7
31
7
1
7
31
7
1
7
31
7
1
7
31
7
1
7
31
7
1
7
31
7
1
7
31
7
1
7
31
11
9
11
31
11
9
11
31
11
9
11
31
11
9
11
31
11
9
11
31
11
9
11
31
11
9
11
31
11
9
11
31
11
9
11
31
11
9
11
31
11
9
11
31
11
9
11
31
11
9
11
31
11
9
11
31
11
9
11
31
12
9
12
9
12
9
12
9
12
9
12
9
12
9
12
9
12
9
12
9
12
9
12
9
12
9
12
9
12
9
13
9
13
9
13
9
13
9
13
9
13
9
13
9
13
9
13
9
13
9
13
9
13
9
13
9
13
9
13
9
14
9
14
9
14
9
14
9
14
9
14
9
14
9
14
9
14
9
14
9
14
9
14
9
14
9
14
9
14
9
15
9
15
9
15
9
15
9
15
9
15
9
15
9
15
9
15
9
15
9
15
9
15
9
15
9
15
9
15
9
16
9
16
9
16
9
16
9
16
9
16
9
16
9
16
9
16
9
16
9
16
9
16
9
16
9
16
9
16
9
17
9
17
9
17
9
17
9
17
9
17
9
17
9
17
9
17
9
17
9
17
9
17
9
17
9
17
9
17
9
18
9
18
9
18
9
18
9
18
9
18
9
18
9
18
9
18
9
18
9
18
9
18
9
18
9
18
9
18
9
19
9
19
9
19
9
19
9
19
9
19
9
19
9
19
9
19
9
19
9
19
9
19
9
19
9
19
9
19
9
20
9
20
9
20
9
20
9
20
9
20
9
20
9
20
9
20
9
20
9
20
9
20
9
20
9
20
9
20
9
30
25
30
25
30
25
30
25
30
25
30
25
30
25
30
25
30
25
30
25
30
25
30
25
30
25
30
25
30
25
type
60
10
21
10
23
10
32
10
21
10
23
10
32
10
21
10
23
10
32
10
21
10
23
10
32
10
21
10
23
10
32
10
21
10
23
10
32
10
21
10
23
10
32
10
21
10
23
10
32
10
21
10
23
10
32
10
21
10
23
10
32
10
21
10
23
10
32
10
21
10
23
10
32
10
21
10
23
10
32
10
21
10
23
10
32
10
21
10
23
10
32
22
21
22
21
22
21
22
21
22
21
22
21
22
21
22
21
22
21
22
21
22
21
22
21
22
21
22
21
22
21
revealsType
15
10
9
10
9
10
9
10
9
10
9
10
9
10
9
10
9
10
9
10
9
10
9
10
9
10
9
10
9
10
9
revealsTo
0
exports
45
0
1
0
1
0
1
0
1
0
1
0
1
0
1
0
1
0
1
0
1
0
1
0
1
0
1
0
1
0
1
26
25
26
25
26
25
26
25
26
25
26
25
26
25
26
25
26
25
26
25
26
25
26
25
26
25
26
25
26
25
27
31
27
31
27
31
27
31
27
31
27
31
27
31
27
31
27
31
27
31
27
31
27
31
27
31
27
31
27
31
imports
105
2
1
2
9
2
25
2
31
2
1
2
9
2
25
2
31
2
1
2
9
2
25
2
31
2
1
2
9
2
25
2
31
2
1
2
9
2
25
2
31
2
1
2
9
2
25
2
31
2
1
2
9
2
25
2
31
2
1
2
9
2
25
2
31
2
1
2
9
2
25
2
31
2
1
2
9
2
25
2
31
2
1
2
9
2
25
2
31
2
1
2
9
2
25
2
31
2
1
2
9
2
25
2
31
2
1
2
9
2
25
2
31
2
1
2
9
2
25
2
31
27
25
27
25
27
25
27
25
27
25
27
25
27
25
27
25
27
25
27
25
27
25
27
25
27
25
27
25
27
25
28
25
28
25
28
25
28
25
28
25
28
25
28
25
28
25
28
25
28
25
28
25
28
25
28
25
28
25
28
25
29
25
29
25
29
25
29
25
29
25
29
25
29
25
29
25
29
25
29
25
29
25
29
25
29
25
29
25
29
25
