35
Frac
rational/src/Frac.i3
T
Public
TestRational
rational/src/TestRational.m3
Main
IO
Word
Math
PutBool
rational/src/Frac.m3
Gcd
Simplify
Init
FromInt
Abs
Opposite
Plus
Minus
Times
DividedBy
IntegerDivision
Equals
NotEqualTo
LessThan
LessEqual
GreaterEqual
Greater
Inc
Dec
IsInt
One
Zero
PutRat
10
genericModule
0
genericInterface
0
module
30
0
11
0
11
0
11
0
11
0
11
0
11
0
11
0
11
0
11
0
11
0
11
0
11
0
11
0
11
0
11
4
5
4
5
4
5
4
5
4
5
4
5
4
5
4
5
4
5
4
5
4
5
4
5
4
5
4
5
4
5
interface
15
0
1
0
1
0
1
0
1
0
1
0
1
0
1
0
1
0
1
0
1
0
1
0
1
0
1
0
1
0
1
procedure
360
10
5
10
5
10
5
10
5
10
5
10
5
10
5
10
5
10
5
10
5
10
5
10
5
10
5
10
5
10
5
12
11
12
11
12
11
12
11
12
11
12
11
12
11
12
11
12
11
12
11
12
11
12
11
12
11
12
11
12
11
13
11
13
11
13
11
13
11
13
11
13
11
13
11
13
11
13
11
13
11
13
11
13
11
13
11
13
11
13
11
14
11
14
11
14
11
14
11
14
11
14
11
14
11
14
11
14
11
14
11
14
11
14
11
14
11
14
11
14
11
15
11
15
11
15
11
15
11
15
11
15
11
15
11
15
11
15
11
15
11
15
11
15
11
15
11
15
11
15
11
16
11
16
11
16
11
16
11
16
11
16
11
16
11
16
11
16
11
16
11
16
11
16
11
16
11
16
11
16
11
17
11
17
11
17
11
17
11
17
11
17
11
17
11
17
11
17
11
17
11
17
11
17
11
17
11
17
11
17
11
18
11
18
11
18
11
18
11
18
11
18
11
18
11
18
11
18
11
18
11
18
11
18
11
18
11
18
11
18
11
19
11
19
11
19
11
19
11
19
11
19
11
19
11
19
11
19
11
19
11
19
11
19
11
19
11
19
11
19
11
20
11
20
11
20
11
20
11
20
11
20
11
20
11
20
11
20
11
20
11
20
11
20
11
20
11
20
11
20
11
21
11
21
11
21
11
21
11
21
11
21
11
21
11
21
11
21
11
21
11
21
11
21
11
21
11
21
11
21
11
22
11
22
11
22
11
22
11
22
11
22
11
22
11
22
11
22
11
22
11
22
11
22
11
22
11
22
11
22
11
23
11
23
11
23
11
23
11
23
11
23
11
23
11
23
11
23
11
23
11
23
11
23
11
23
11
23
11
23
11
24
11
24
11
24
11
24
11
24
11
24
11
24
11
24
11
24
11
24
11
24
11
24
11
24
11
24
11
24
11
25
11
25
11
25
11
25
11
25
11
25
11
25
11
25
11
25
11
25
11
25
11
25
11
25
11
25
11
25
11
26
11
26
11
26
11
26
11
26
11
26
11
26
11
26
11
26
11
26
11
26
11
26
11
26
11
26
11
26
11
27
11
27
11
27
11
27
11
27
11
27
11
27
11
27
11
27
11
27
11
27
11
27
11
27
11
27
11
27
11
28
11
28
11
28
11
28
11
28
11
28
11
28
11
28
11
28
11
28
11
28
11
28
11
28
11
28
11
28
11
29
11
29
11
29
11
29
11
29
11
29
11
29
11
29
11
29
11
29
11
29
11
29
11
29
11
29
11
29
11
30
11
30
11
30
11
30
11
30
11
30
11
30
11
30
11
30
11
30
11
30
11
30
11
30
11
30
11
30
11
31
11
31
11
31
11
31
11
31
11
31
11
31
11
31
11
31
11
31
11
31
11
31
11
31
11
31
11
31
11
32
11
32
11
32
11
32
11
32
11
32
11
32
11
32
11
32
11
32
11
32
11
32
11
32
11
32
11
32
11
33
11
33
11
33
11
33
11
33
11
33
11
33
11
33
11
33
11
33
11
33
11
33
11
33
11
33
11
33
11
34
11
34
11
34
11
34
11
34
11
34
11
34
11
34
11
34
11
34
11
34
11
34
11
34
11
34
11
34
11
type
30
2
1
2
1
2
1
2
1
2
1
2
1
2
1
2
1
2
1
2
1
2
1
2
1
2
1
2
1
2
1
3
1
3
1
3
1
3
1
3
1
3
1
3
1
3
1
3
1
3
1
3
1
3
1
3
1
3
1
3
1
revealsType
15
2
11
2
11
2
11
2
11
2
11
2
11
2
11
2
11
2
11
2
11
2
11
2
11
2
11
2
11
2
11
revealsTo
0
exports
30
0
11
0
11
0
11
0
11
0
11
0
11
0
11
0
11
0
11
0
11
0
11
0
11
0
11
0
11
0
11
6
5
6
5
6
5
6
5
6
5
6
5
6
5
6
5
6
5
6
5
6
5
6
5
6
5
6
5
6
5
imports
75
0
5
0
5
0
5
0
5
0
5
0
5
0
5
0
5
0
5
0
5
0
5
0
5
0
5
0
5
0
5
7
5
7
11
7
5
7
11
7
5
7
11
7
5
7
11
7
5
7
11
7
5
7
11
7
5
7
11
7
5
7
11
7
5
7
11
7
5
7
11
7
5
7
11
7
5
7
11
7
5
7
11
7
5
7
11
7
5
7
11
8
5
8
5
8
5
8
5
8
5
8
5
8
5
8
5
8
5
8
5
8
5
8
5
8
5
8
5
8
5
9
5
9
5
9
5
9
5
9
5
9
5
9
5
9
5
9
5
9
5
9
5
9
5
9
5
9
5
9
5
