79
Tree
tree/src/Tree.mg
IO
RB
T
Member
First
Last
Prev
Succ
IsRed
Value
RotateLeft
RotateRight
NotifyParentsOfInsertion
RecursiveInsert
Uncle
RepairTree
Insert
FromArray
Size
Height
TestTree
tree/src/TestTree.m3
Main
IntegerTree
Random
PrintTreeRecursively
tree/src/Tree.ig
tree/src/IntegerTree.i3
Integer
tree/src/IntegerTree.m3
Find
Root
NotifyParentsOfDeletion
ReplaceNode
Sibling
IsBlack
DeleteCase6
DeleteCase5
DeleteCase4
DeleteCase3
DeleteCase2
BaseDeleteCase
DeleteMaxOneChild
MaxNode
RemoveNode
RefTree
tree/derived/RefTree.i3
Refany
IntSetTree
tree/derived/IntSetTree.m3
SetTree
IntSet
IntTree
TextTree
tree/derived/TextTree.i3
Text
tree/derived/TextTree.m3
tree/derived/RefTree.m3
tree/derived/IntSetTree.i3
RealTree
tree/derived/RealTree.m3
Real
tree/derived/IntTree.m3
tree/derived/IntTree.i3
tree/derived/RealTree.i3
tree/src/SetTree.mg
Iterator
Init
Delete
Iterate
Next
tree/src/SetTree.ig
Public
Copy
Left
Right
Parent
10
genericModule
71
0
1
0
1
0
1
0
1
0
1
0
1
0
1
0
1
0
1
0
1
0
1
0
1
0
1
0
1
0
1
0
1
0
1
0
1
0
1
0
1
0
1
0
1
0
1
0
1
0
1
0
1
0
1
0
1
0
1
0
1
0
1
0
1
0
1
0
1
0
1
0
1
0
1
52
67
52
67
52
67
52
67
52
67
52
67
52
67
52
67
52
67
52
67
52
67
52
67
52
67
52
67
52
67
52
67
52
67
52
67
52
67
52
67
52
67
52
67
52
67
52
67
52
67
52
67
52
67
52
67
52
67
52
67
52
67
52
67
52
67
52
67
genericInterface
71
0
28
0
28
0
28
0
28
0
28
0
28
0
28
0
28
0
28
0
28
0
28
0
28
0
28
0
28
0
28
0
28
0
28
0
28
0
28
0
28
0
28
0
28
0
28
0
28
0
28
0
28
0
28
0
28
0
28
0
28
0
28
0
28
0
28
0
28
0
28
0
28
0
28
52
73
52
73
52
73
52
73
52
73
52
73
52
73
52
73
52
73
52
73
52
73
52
73
52
73
52
73
52
73
52
73
52
73
52
73
52
73
52
73
52
73
52
73
52
73
52
73
52
73
52
73
52
73
52
73
52
73
52
73
52
73
52
73
52
73
52
73
module
16
22
23
22
23
22
23
25
31
25
31
25
31
47
59
47
59
50
51
50
51
54
64
54
64
55
58
55
58
61
62
61
62
interface
13
25
29
25
29
25
29
47
48
47
48
50
60
50
60
54
65
54
65
55
56
55
56
61
66
61
66
procedure
1693
0
1
0
1
0
1
0
1
0
1
0
1
0
1
0
1
0
1
0
1
0
1
0
1
0
1
0
1
0
1
0
1
0
1
0
1
0
1
0
1
0
1
0
1
0
1
0
1
0
1
0
1
0
1
0
1
0
1
0
1
0
1
0
1
0
1
0
1
0
1
0
1
0
1
5
1
5
1
5
1
5
1
5
67
5
1
5
67
5
1
5
67
5
1
5
67
5
1
5
67
5
1
5
67
5
1
5
67
5
1
5
67
5
1
5
67
5
1
5
67
5
1
5
67
5
1
5
67
5
1
5
67
5
1
5
67
5
1
5
67
5
1
5
67
5
1
5
67
5
1
5
67
5
1
5
67
5
1
5
67
5
1
5
67
5
1
5
67
5
1
5
67
5
1
5
67
5
1
5
67
5
1
5
67
5
1
5
67
5
1
5
67
5
1
5
67
5
1
5
67
5
1
5
67
5
1
5
67
5
1
5
67
5
1
5
67
6
1
6
1
6
1
6
1
6
1
6
1
6
1
6
1
6
1
6
1
6
1
6
1
6
1
6
1
6
1
6
1
6
1
6
1
6
1
6
1
6
1
6
1
6
1
6
1
6
1
6
1
6
1
6
1
6
1
6
1
6
1
6
1
6
1
6
1
6
1
6
1
6
1
7
1
7
1
7
1
7
1
7
1
7
1
7
1
7
1
7
1
7
1
7
1
7
1
7
1
7
1
7
1
7
1
7
1
7
1
7
1
7
1
7
1
7
1
7
1
7
1
7
1
7
1
7
1
7
1
7
1
7
1
7
1
7
1
7
1
7
1
7
1
7
1
7
1
8
1
8
1
8
1
8
1
8
1
8
1
8
1
8
1
8
1
8
1
8
1
8
1
8
1
8
1
8
1
8
1
8
1
8
1
8
1
8
1
8
1
8
1
8
1
8
1
8
1
8
1
8
1
8
1
8
1
8
1
8
1
8
1
8
1
8
1
8
1
8
1
8
1
9
1
9
1
9
1
9
1
9
1
9
1
9
1
9
1
9
1
9
1
9
1
9
1
9
1
9
1
9
1
9
1
9
1
9
1
9
1
9
1
9
1
9
1
9
1
9
1
9
1
9
1
9
1
9
1
9
1
9
1
9
1
9
1
9
1
9
1
9
1
9
1
9
1
10
1
10
1
10
1
10
1
10
1
10
1
10
1
10
1
10
1
10
1
10
1
10
1
10
1
10
1
10
1
10
1
10
1
10
1
10
1
10
1
10
1
10
1
10
1
10
1
10
1
10
1
10
1
10
1
10
1
10
1
10
1
10
1
10
1
10
1
10
1
10
1
10
1
11
1
11
1
11
1
11
1
11
1
11
1
11
1
11
1
11
1
11
1
11
1
11
1
11
1
11
1
11
1
11
1
11
1
11
1
11
1
11
1
11
1
11
1
11
1
11
1
11
1
11
1
11
1
11
1
11
1
11
1
11
1
11
1
11
1
11
1
11
1
11
1
11
1
12
1
12
1
12
1
12
1
12
1
12
1
12
1
12
1
12
1
12
1
12
1
12
1
12
1
12
1
12
1
12
1
12
1
12
1
12
1
12
1
12
1
12
1
12
1
12
1
12
1
12
1
12
1
12
1
12
1
12
1
12
1
12
1
12
1
12
1
12
1
12
1
12
1
13
1
13
1
13
1
13
1
13
1
13
1
13
1
13
1
13
1
13
1
13
1
13
1
13
1
13
1
13
1
13
1
13
1
13
1
13
1
13
1
13
1
13
1
13
1
13
1
13
1
13
1
13
1
13
1
13
1
13
1
13
1
13
1
13
1
13
1
13
1
13
1
13
1
14
1
14
1
14
1
14
1
14
1
14
1
14
1
14
1
14
1
14
1
14
1
14
1
14
1
14
1
14
1
14
1
14
1
14
1
14
1
14
1
14
1
14
1
14
1
14
1
14
1
14
1
14
1
14
1
14
1
14
1
14
1
14
1
14
1
14
1
14
1
14
1
14
1
15
1
15
1
15
1
15
1
15
1
15
1
15
1
15
1
15
1
15
1
15
1
15
1
15
1
15
1
15
1
15
1
15
1
15
1
15
1
15
1
15
1
15
1
15
1
15
1
15
1
15
1
15
1
15
1
15
1
15
1
15
1
15
1
15
1
15
1
15
1
15
1
15
1
16
1
16
1
16
1
16
1
16
1
16
1
16
1
16
1
16
1
16
1
16
1
16
1
16
1
16
1
16
1
16
1
16
1
16
1
16
1
16
1
16
1
16
1
16
1
16
1
16
1
16
1
16
1
16
1
16
1
16
1
16
1
16
1
16
1
16
1
16
1
16
1
16
1
17
1
17
1
17
1
17
1
17
1
17
1
17
1
17
1
17
1
17
1
17
1
17
1
17
1
17
1
17
1
17
1
17
1
17
1
17
1
17
1
17
1
17
1
17
1
17
1
17
1
17
1
17
1
17
1
17
1
17
1
17
1
17
1
17
1
17
1
17
1
17
1
17
1
18
1
18
1
18
1
18
1
18
67
18
1
18
67
18
1
18
67
18
1
18
67
18
1
18
67
18
1
18
67
18
1
18
67
18
1
18
67
18
1
18
67
18
1
18
67
18
1
18
67
18
1
18
67
18
1
18
67
18
1
18
67
18
1
18
67
18
1
18
67
18
1
18
67
18
1
18
67
18
1
18
67
18
1
18
67
18
1
18
67
18
1
18
67
18
1
18
67
18
1
18
67
18
1
18
67
18
1
18
67
18
1
18
67
18
1
18
67
18
1
18
67
18
1
18
67
18
1
18
67
18
1
18
67
18
1
18
67
18
1
18
67
19
1
19
1
19
1
19
1
19
67
19
1
19
67
19
1
19
67
19
1
19
67
19
1
19
67
19
1
19
67
19
1
19
67
19
1
19
67
19
1
19
67
19
1
19
67
19
1
19
67
19
1
19
67
19
1
19
67
19
1
19
67
19
1
19
67
19
1
19
67
19
1
19
67
19
1
19
67
19
1
19
67
19
1
19
67
19
1
19
67
19
1
19
67
19
1
19
67
19
1
19
67
19
1
19
67
19
1
19
67
19
1
19
67
19
1
19
67
19
1
19
67
19
1
19
67
19
1
19
67
19
1
19
67
19
1
19
67
19
1
19
67
20
1
20
1
20
1
20
1
20
67
20
1
20
67
20
1
20
67
20
1
20
67
20
1
20
67
20
1
20
67
20
1
20
67
20
1
20
67
20
1
20
67
20
1
20
67
20
1
20
67
20
1
20
67
20
1
20
67
20
1
20
67
20
1
20
67
20
1
20
67
20
1
20
67
20
1
20
67
20
1
20
67
20
1
20
67
20
1
20
67
20
1
20
67
20
1
20
67
20
1
20
67
20
1
20
67
20
1
20
67
20
1
20
67
20
1
20
67
20
1
20
67
20
1
20
67
20
1
20
67
20
1
20
67
20
1
20
67
20
1
20
67
21
1
21
1
21
1
21
1
21
67
21
1
21
67
21
1
21
67
21
1
21
67
21
1
21
67
21
1
21
67
21
1
21
67
21
1
21
67
21
1
21
67
21
1
21
67
21
1
21
67
21
1
21
67
21
1
21
67
21
1
21
67
21
1
21
67
21
1
21
67
21
1
21
67
21
1
21
67
21
1
21
67
21
1
21
67
21
1
21
67
21
1
21
67
21
1
21
67
21
1
21
67
21
1
21
67
21
1
21
67
21
1
21
67
21
1
21
67
21
1
21
67
21
1
21
67
21
1
21
67
21
1
21
67
21
1
21
67
21
1
21
67
27
23
27
23
27
23
32
1
32
1
32
1
32
1
32
1
32
1
32
1
32
1
32
1
32
1
32
1
32
1
32
1
32
1
32
1
32
1
32
1
32
1
32
1
32
1
32
1
32
1
32
1
32
1
32
1
32
1
32
1
32
1
32
1
32
1
32
1
32
1
32
1
32
1
32
1
32
1
33
1
33
1
33
1
33
67
33
1
33
67
33
1
33
67
33
1
33
67
33
1
33
67
33
1
33
67
33
1
33
67
33
1
33
67
33
1
33
67
33
1
33
67
33
1
33
67
33
1
33
67
33
1
33
67
33
1
33
67
33
1
33
67
33
1
33
67
33
1
33
67
33
1
33
67
33
1
33
67
33
1
33
67
33
1
33
67
33
1
33
67
33
1
33
67
33
1
33
67
33
1
33
67
33
1
33
67
33
1
33
67
33
1
33
67
33
1
33
67
33
1
33
67
33
1
33
67
33
1
33
67
33
1
33
67
33
1
33
67
34
1
34
1
34
1
34
1
34
1
34
1
34
1
34
1
34
1
34
1
34
1
34
1
34
1
34
1
34
1
34
1
34
1
34
1
34
1
34
1
34
1
34
1
34
1
34
1
34
1
34
1
34
1
34
1
34
1
34
1
34
1
34
1
34
1
34
1
34
1
34
1
35
1
35
1
35
1
35
1
35
1
35
1
35
1
35
1
35
1
35
1
35
1
35
1
35
1
35
1
35
1
35
1
35
1
35
1
35
1
35
1
35
1
35
1
35
1
35
1
35
1
35
1
35
1
35
1
35
1
35
1
35
1
35
1
35
1
35
1
35
1
35
1
36
1
36
1
36
1
36
1
36
1
36
1
36
1
36
1
36
1
36
1
36
1
36
1
36
1
36
1
36
1
36
1
36
1
36
1
36
1
36
1
36
1
36
1
36
1
36
1
36
1
36
1
36
1
36
1
36
1
36
1
36
1
36
1
36
1
36
1
36
1
36
1
37
1
37
1
37
1
37
1
37
1
37
1
37
1
37
1
37
1
37
1
37
1
37
1
37
1
37
1
37
1
37
1
37
1
37
1
37
1
37
1
37
1
37
1
37
1
37
1
37
1
37
1
37
1
37
1
37
1
37
1
37
1
37
1
37
1
37
1
37
1
37
1
38
1
38
1
38
1
38
1
38
1
38
1
38
1
38
1
38
1
38
1
38
1
38
1
38
1
38
1
38
1
38
1
38
1
38
1
38
1
38
1
38
1
38
1
38
1
38
1
38
1
38
1
38
1
38
1
38
1
38
1
38
1
38
1
38
1
38
1
38
1
38
1
39
1
39
1
39
1
39
1
39
1
39
1
39
1
39
1
39
1
39
1
39
1
39
1
39
1
39
1
39
1
39
1
39
1
39
1
39
1
39
1
39
1
39
1
39
1
39
1
39
1
39
1
39
1
39
1
39
1
39
1
39
1
39
1
39
1
39
1
39
1
39
1
40
1
40
1
40
1
40
1
40
1
40
1
40
1
40
1
40
1
40
1
40
1
40
1
40
1
40
1
40
1
40
1
40
1
40
1
40
1
40
1
40
1
40
1
40
1
40
1
40
1
40
1
40
1
40
1
40
1
40
1
40
1
40
1
40
1
40
1
40
1
40
1
41
1
41
1
41
1
41
1
41
1
41
1
41
1
41
1
41
1
41
1
41
1
41
1
41
1
41
1
41
1
41
1
41
1
41
1
41
1
41
1
41
1
41
1
41
1
41
1
41
1
41
1
41
1
41
1
41
1
41
1
41
1
41
1
41
1
41
1
41
1
41
1
42
1
42
1
42
1
42
1
42
1
42
1
42
1
42
1
42
1
42
1
42
1
42
1
42
1
42
1
42
1
42
1
42
1
42
1
42
1
42
1
42
1
42
1
42
1
42
1
42
1
42
1
42
1
42
1
42
1
42
1
42
1
42
1
42
1
42
1
42
1
42
1
43
1
43
1
43
1
43
1
43
1
43
1
43
1
43
1
43
1
43
1
43
1
43
1
43
1
43
1
43
1
43
1
43
1
43
1
43
1
43
1
43
1
43
1
43
1
43
1
43
1
43
1
43
1
43
1
43
1
43
1
43
1
43
1
43
1
43
1
43
1
43
1
44
1
44
1
44
1
44
1
44
1
44
1
44
1
44
1
44
1
44
1
44
1
44
1
44
1
44
1
44
1
44
1
44
1
44
1
44
1
44
1
44
1
44
1
44
1
44
1
44
1
44
1
44
1
44
1
44
1
44
1
44
1
44
1
44
1
44
1
44
1
44
1
45
1
45
1
45
1
45
1
45
1
45
1
45
1
45
1
45
1
45
1
45
1
45
1
45
1
45
1
45
1
45
1
45
1
45
1
45
1
45
1
45
1
45
1
45
1
45
1
45
1
45
1
45
1
45
1
45
1
45
1
45
1
45
1
45
1
45
1
45
1
45
1
46
1
46
1
46
1
46
1
46
1
46
1
46
1
46
1
46
1
46
1
46
1
46
1
46
1
46
1
46
1
46
1
46
1
46
1
46
1
46
1
46
1
46
1
46
1
46
1
46
1
46
1
46
1
46
1
46
1
46
1
46
1
46
1
46
1
46
1
46
1
46
1
69
67
69
67
69
67
69
67
69
67
69
67
69
67
69
67
69
67
69
67
69
67
69
67
69
67
69
67
69
67
69
67
69
67
69
67
69
67
69
67
69
67
69
67
69
67
69
67
69
67
69
67
69
67
69
67
69
67
69
67
69
67
69
67
69
67
69
67
70
67
70
67
70
67
70
67
70
67
70
67
70
67
70
67
70
67
70
67
70
67
70
67
70
67
70
67
70
67
70
67
70
67
70
67
70
67
70
67
70
67
70
67
70
67
70
67
70
67
70
67
70
67
70
67
70
67
70
67
70
67
70
67
70
67
70
67
71
67
71
67
71
67
71
67
71
67
71
67
71
67
71
67
71
67
71
67
71
67
71
67
71
67
71
67
71
67
71
67
71
67
71
67
71
67
71
67
71
67
71
67
71
67
71
67
71
67
71
67
71
67
71
67
71
67
71
67
71
67
71
67
71
67
71
67
72
67
72
67
72
67
72
67
72
67
72
67
72
67
72
67
72
67
72
67
72
67
72
67
72
67
72
67
72
67
72
67
72
67
72
67
72
67
72
67
72
67
72
67
72
67
72
67
72
67
72
67
72
67
72
67
72
67
72
67
72
67
72
67
72
67
72
67
75
1
75
67
75
1
75
67
75
1
75
67
75
1
75
67
75
1
75
67
75
1
75
67
75
1
75
67
75
1
75
67
75
1
75
67
75
1
75
67
75
1
75
67
75
1
75
67
75
1
75
67
75
1
75
67
75
1
75
67
75
1
75
67
75
1
75
67
75
1
75
67
75
1
75
67
75
1
75
67
75
1
75
67
75
1
75
67
75
1
75
67
75
1
75
67
75
1
75
67
75
1
75
67
75
1
75
67
75
1
75
67
75
1
75
67
75
1
75
67
75
1
75
67
75
1
75
67
76
1
76
1
76
1
76
1
76
1
76
1
76
1
76
1
76
1
76
1
76
1
76
1
76
1
76
1
76
1
76
1
76
1
76
1
76
1
76
1
76
1
76
1
76
1
76
1
76
1
76
1
76
1
76
1
76
1
76
1
76
1
76
1
77
1
77
1
77
1
77
1
77
1
77
1
77
1
77
1
77
1
77
1
77
1
77
1
77
1
77
1
77
1
77
1
77
1
77
1
77
1
77
1
77
1
77
1
77
1
77
1
77
1
77
1
77
1
77
1
77
1
77
1
77
1
77
1
78
1
78
1
78
1
78
1
78
1
78
1
78
1
78
1
78
1
78
1
78
1
78
1
78
1
78
1
78
1
78
1
type
176
3
1
3
1
3
1
3
1
3
1
3
1
3
1
3
1
3
1
3
1
3
1
3
1
3
1
3
1
3
1
3
1
3
1
3
1
3
1
3
1
3
1
3
1
3
1
3
1
3
1
3
1
3
1
3
1
3
1
3
1
3
1
3
1
3
1
3
1
3
1
3
1
3
1
4
28
4
28
4
28
4
28
4
73
4
28
4
73
4
28
4
73
4
28
4
73
4
28
4
73
4
28
4
73
4
28
4
73
4
28
4
73
4
28
4
73
4
28
4
73
4
28
4
73
4
28
4
73
4
28
4
73
4
28
4
73
4
28
4
73
4
28
4
73
4
28
4
73
4
28
4
73
4
28
4
73
4
28
4
73
4
28
4
73
4
28
4
73
4
28
4
73
4
28
4
73
4
28
4
73
4
28
4
73
4
28
4
73
4
28
4
73
4
28
4
73
4
28
4
73
4
28
4
73
4
28
4
73
4
28
4
73
4
28
4
73
68
73
68
73
68
73
68
73
68
73
68
73
68
73
68
73
68
73
68
73
68
73
68
73
68
73
68
73
68
73
68
73
68
73
68
73
68
73
68
73
68
73
68
73
68
73
68
73
68
73
68
73
68
73
68
73
68
73
68
73
68
73
68
73
68
73
68
73
74
73
74
73
74
73
74
73
74
73
74
73
74
73
74
73
74
73
74
73
74
73
74
73
74
73
74
73
74
73
74
73
74
73
74
73
74
73
74
73
74
73
74
73
74
73
74
73
74
73
74
73
74
73
74
73
74
73
74
73
74
73
74
73
74
73
74
73
revealsType
105
4
1
4
1
4
1
4
1
4
67
4
1
4
67
4
1
4
67
4
1
4
67
4
1
4
67
4
1
4
67
4
1
4
67
4
1
4
67
4
1
4
67
4
1
4
67
4
1
4
67
4
1
4
67
4
1
4
67
4
1
4
67
4
1
4
67
4
1
4
67
4
1
4
67
4
1
4
67
4
1
4
67
4
1
4
67
4
1
4
67
4
1
4
67
4
1
4
67
4
1
4
67
4
1
4
67
4
1
4
67
4
1
4
67
4
1
4
67
4
1
4
67
4
1
4
67
4
1
4
67
4
1
4
67
4
1
4
67
4
1
4
67
68
67
68
67
68
67
68
67
68
67
68
67
68
67
68
67
68
67
68
67
68
67
68
67
68
67
68
67
68
67
68
67
68
67
68
67
68
67
68
67
68
67
68
67
68
67
68
67
68
67
68
67
68
67
68
67
68
67
68
67
68
67
68
67
68
67
68
67
revealsTo
0
exports
16
24
23
24
23
24
23
25
31
25
31
25
31
47
59
47
59
50
51
50
51
54
64
54
64
55
58
55
58
61
62
61
62
imports
70
0
29
0
31
0
29
0
31
0
29
0
31
0
48
0
56
0
58
0
59
0
62
0
64
0
65
0
66
0
48
0
56
0
58
0
59
0
62
0
64
0
65
0
66
2
1
2
23
2
1
2
23
2
1
2
23
2
67
2
67
25
23
25
23
25
23
26
23
26
23
26
23
30
29
30
31
30
29
30
31
30
29
30
31
30
51
30
64
30
65
30
51
30
64
30
65
49
48
49
59
49
48
49
59
52
51
52
60
52
51
52
60
53
51
53
60
53
51
53
60
54
51
54
51
57
56
57
58
57
56
57
58
63
62
63
66
63
62
63
66
